45	1
77	1
162	1
204	1
296	1
308	1
371	1
430	1
536	1
752	1
768	1
1	2
26	2
27	2
156	2
175	2
257	2
406	2
439	2
455	2
482	2
696	2
710	2
2	3
23	3
95	3
167	3
265	3
314	3
330	3
390	3
479	3
576	3
588	3
3	4
145	4
176	4
259	4
283	4
293	4
344	4
358	4
378	4
407	4
426	4
481	4
497	4
690	4
4	5
101	5
158	5
260	5
350	5
433	5
454	5
543	5
641	5
674	5
5	6
74	6
97	6
154	6
241	6
256	6
315	6
332	6
414	6
420	6
540	6
605	6
632	6
635	6
6	7
221	7
237	7
296	7
410	7
480	7
528	7
539	7
550	7
581	7
600	7
699	7
747	7
761	7
7	8
61	8
100	8
182	8
311	8
343	8
345	8
425	8
529	8
545	8
707	8
766	8
8	9
64	9
90	9
110	9
137	9
140	9
194	9
227	9
461	9
559	9
603	9
614	9
728	9
732	9
9	10
119	10
155	10
163	10
212	10
476	10
583	10
751	10
10	11
147	11
271	11
303	11
386	11
392	11
432	11
530	11
622	11
667	11
763	11
11	12
78	12
211	12
213	12
295	12
408	12
492	12
562	12
621	12
629	12
643	12
646	12
663	12
718	12
726	12
756	12
12	13
93	13
164	13
179	13
202	13
292	13
293	13
370	13
415	13
434	13
447	13
535	13
625	13
660	13
743	13
756	13
757	13
763	13
4	14
13	14
31	14
52	14
150	14
164	14
250	14
313	14
486	14
504	14
607	14
645	14
654	14
714	14
14	15
162	15
209	15
227	15
289	15
308	15
401	15
512	15
547	15
551	15
718	15
723	15
731	15
15	16
37	16
57	16
216	16
338	16
348	16
358	16
363	16
368	16
465	16
522	16
577	16
613	16
689	16
9	17
11	17
16	17
60	17
118	17
248	17
273	17
276	17
311	17
327	17
353	17
463	17
468	17
480	17
552	17
587	17
628	17
632	17
678	17
760	17
12	18
17	18
41	18
229	18
264	18
270	18
277	18
297	18
326	18
371	18
655	18
709	18
711	18
746	18
752	18
18	19
170	19
241	19
250	19
381	19
435	19
473	19
577	19
594	19
736	19
19	20
125	20
139	20
155	20
304	20
335	20
414	20
629	20
665	20
20	21
28	21
87	21
129	21
513	21
663	21
767	21
21	22
33	22
45	22
112	22
296	22
367	22
409	22
513	22
548	22
566	22
672	22
694	22
22	23
82	23
183	23
226	23
295	23
429	23
513	23
690	23
23	24
113	24
197	24
288	24
310	24
348	24
357	24
457	24
571	24
610	24
656	24
660	24
706	24
14	25
24	25
48	25
60	25
160	25
226	25
286	25
428	25
436	25
459	25
464	25
470	25
580	25
609	25
11	26
25	26
177	26
219	26
241	26
247	26
250	26
309	26
433	26
476	26
491	26
644	26
662	26
758	26
26	27
77	27
108	27
119	27
143	27
179	27
193	27
194	27
203	27
210	27
215	27
221	27
231	27
303	27
319	27
358	27
369	27
381	27
424	27
493	27
536	27
539	27
556	27
610	27
644	27
27	28
136	28
179	28
210	28
267	28
471	28
515	28
701	28
768	28
28	29
107	29
145	29
335	29
409	29
479	29
535	29
557	29
29	30
122	30
363	30
368	30
399	30
545	30
552	30
568	30
584	30
585	30
695	30
24	31
30	31
138	31
186	31
252	31
290	31
313	31
362	31
567	31
16	32
22	32
31	32
68	32
72	32
174	32
179	32
266	32
340	32
417	32
431	32
434	32
453	32
506	32
622	32
654	32
698	32
14	33
32	33
64	33
67	33
109	33
131	33
161	33
174	33
235	33
253	33
377	33
453	33
484	33
536	33
678	33
707	33
20	34
33	34
37	34
42	34
47	34
243	34
291	34
378	34
426	34
449	34
464	34
466	34
735	34
736	34
34	35
95	35
253	35
334	35
361	35
587	35
618	35
32	36
35	36
39	36
56	36
57	36
112	36
147	36
224	36
265	36
292	36
377	36
410	36
434	36
450	36
480	36
571	36
595	36
621	36
728	36
747	36
22	37
36	37
144	37
298	37
330	37
353	37
404	37
406	37
462	37
481	37
536	37
598	37
661	37
688	37
766	37
24	38
37	38
172	38
186	38
330	38
358	38
377	38
382	38
447	38
519	38
558	38
560	38
653	38
662	38
741	38
19	39
38	39
103	39
160	39
184	39
239	39
382	39
421	39
452	39
475	39
524	39
567	39
718	39
744	39
10	40
39	40
174	40
179	40
195	40
216	40
290	40
307	40
383	40
384	40
416	40
431	40
474	40
482	40
565	40
740	40
11	41
17	41
40	41
72	41
106	41
134	41
196	41
274	41
287	41
313	41
334	41
341	41
357	41
543	41
625	41
655	41
670	41
759	41
767	41
41	42
69	42
101	42
214	42
243	42
302	42
395	42
417	42
434	42
493	42
519	42
601	42
620	42
728	42
739	42
740	42
17	43
42	43
165	43
178	43
197	43
517	43
526	43
569	43
626	43
657	43
683	43
722	43
19	44
43	44
63	44
99	44
121	44
216	44
337	44
474	44
614	44
625	44
626	44
688	44
707	44
739	44
757	44
1	45
44	45
73	45
135	45
162	45
326	45
357	45
552	45
573	45
575	45
711	45
719	45
733	45
1	46
45	46
147	46
314	46
344	46
370	46
430	46
46	47
63	47
88	47
107	47
137	47
188	47
280	47
317	47
351	47
392	47
597	47
644	47
730	47
764	47
47	48
127	48
131	48
235	48
237	48
293	48
415	48
420	48
444	48
469	48
503	48
579	48
628	48
681	48
48	49
85	49
140	49
266	49
285	49
320	49
384	49
388	49
467	49
476	49
645	49
49	50
67	50
81	50
95	50
154	50
177	50
189	50
465	50
473	50
603	50
761	50
763	50
50	51
53	51
102	51
103	51
125	51
172	51
193	51
222	51
242	51
368	51
400	51
404	51
432	51
435	51
451	51
466	51
592	51
666	51
728	51
51	52
53	52
61	52
66	52
119	52
141	52
180	52
192	52
231	52
280	52
327	52
336	52
453	52
469	52
516	52
536	52
627	52
700	52
36	53
49	53
52	53
89	53
225	53
347	53
394	53
502	53
516	53
557	53
653	53
660	53
711	53
715	53
53	54
122	54
207	54
293	54
296	54
303	54
354	54
406	54
446	54
487	54
557	54
627	54
641	54
662	54
668	54
700	54
740	54
15	55
54	55
86	55
103	55
244	55
268	55
289	55
313	55
431	55
456	55
549	55
598	55
708	55
756	55
7	56
36	56
55	56
58	56
72	56
77	56
122	56
135	56
151	56
195	56
240	56
391	56
529	56
554	56
576	56
599	56
633	56
23	57
56	57
300	57
354	57
419	57
445	57
538	57
590	57
598	57
709	57
57	58
63	58
70	58
104	58
191	58
212	58
248	58
743	58
6	59
40	59
49	59
58	59
91	59
626	59
647	59
651	59
676	59
14	60
59	60
136	60
208	60
214	60
267	60
323	60
350	60
410	60
452	60
477	60
504	60
510	60
557	60
60	61
115	61
202	61
341	61
505	61
608	61
729	61
735	61
740	61
745	61
1	62
61	62
129	62
158	62
258	62
383	62
385	62
510	62
526	62
591	62
597	62
606	62
624	62
684	62
711	62
733	62
750	62
22	63
62	63
105	63
133	63
217	63
338	63
407	63
411	63
461	63
652	63
669	63
750	63
54	64
63	64
106	64
145	64
149	64
180	64
236	64
589	64
706	64
764	64
51	65
64	65
108	65
109	65
114	65
138	65
186	65
348	65
442	65
454	65
598	65
647	65
689	65
692	65
7	66
65	66
198	66
211	66
219	66
292	66
338	66
345	66
367	66
543	66
548	66
638	66
658	66
745	66
757	66
1	67
14	67
66	67
133	67
136	67
208	67
210	67
236	67
242	67
259	67
298	67
311	67
320	67
332	67
338	67
489	67
526	67
619	67
622	67
686	67
55	68
67	68
288	68
393	68
503	68
517	68
518	68
616	68
660	68
50	69
68	69
94	69
103	69
131	69
145	69
151	69
219	69
223	69
281	69
330	69
409	69
449	69
487	69
497	69
508	69
549	69
550	69
562	69
590	69
694	69
724	69
742	69
10	70
38	70
54	70
69	70
97	70
118	70
119	70
199	70
200	70
282	70
357	70
392	70
434	70
525	70
558	70
711	70
28	71
39	71
70	71
136	71
193	71
203	71
274	71
350	71
358	71
380	71
391	71
418	71
439	71
516	71
534	71
549	71
616	71
662	71
692	71
700	71
71	72
90	72
223	72
276	72
372	72
412	72
459	72
727	72
60	73
72	73
90	73
107	73
129	73
147	73
185	73
188	73
240	73
285	73
348	73
374	73
434	73
543	73
676	73
705	73
709	73
713	73
733	73
746	73
16	74
73	74
95	74
114	74
162	74
385	74
400	74
405	74
418	74
449	74
474	74
535	74
589	74
616	74
617	74
693	74
25	75
74	75
260	75
335	75
364	75
428	75
661	75
704	75
735	75
740	75
6	76
15	76
60	76
75	76
178	76
189	76
320	76
500	76
665	76
727	76
44	77
50	77
76	77
152	77
164	77
175	77
263	77
401	77
481	77
667	77
722	77
738	77
741	77
28	78
77	78
90	78
141	78
245	78
275	78
317	78
422	78
475	78
552	78
564	78
650	78
78	79
117	79
192	79
358	79
378	79
385	79
400	79
410	79
465	79
469	79
594	79
682	79
694	79
735	79
40	80
68	80
79	80
380	80
391	80
407	80
483	80
502	80
525	80
568	80
662	80
682	80
690	80
730	80
58	81
80	81
103	81
132	81
147	81
162	81
179	81
341	81
386	81
404	81
410	81
414	81
455	81
492	81
553	81
638	81
676	81
728	81
738	81
52	82
81	82
144	82
244	82
284	82
294	82
356	82
359	82
464	82
656	82
668	82
705	82
756	82
2	83
18	83
74	83
82	83
150	83
190	83
257	83
289	83
300	83
397	83
618	83
680	83
739	83
83	84
131	84
170	84
198	84
200	84
212	84
387	84
458	84
475	84
497	84
498	84
506	84
609	84
734	84
33	85
84	85
93	85
116	85
341	85
342	85
575	85
709	85
720	85
49	86
85	86
208	86
296	86
325	86
377	86
398	86
438	86
460	86
594	86
622	86
686	86
757	86
2	87
58	87
86	87
159	87
278	87
292	87
394	87
505	87
47	88
57	88
79	88
87	88
145	88
316	88
319	88
501	88
583	88
645	88
686	88
707	88
718	88
729	88
23	89
25	89
88	89
102	89
168	89
189	89
241	89
256	89
257	89
282	89
328	89
510	89
539	89
626	89
639	89
672	89
676	89
687	89
689	89
89	90
168	90
171	90
189	90
416	90
425	90
36	91
85	91
90	91
224	91
294	91
368	91
470	91
490	91
494	91
497	91
548	91
674	91
687	91
746	91
30	92
91	92
125	92
196	92
219	92
253	92
341	92
350	92
410	92
675	92
92	93
349	93
365	93
439	93
454	93
483	93
518	93
569	93
595	93
683	93
15	94
74	94
83	94
88	94
93	94
257	94
285	94
328	94
579	94
592	94
659	94
666	94
752	94
755	94
84	95
94	95
183	95
306	95
344	95
360	95
387	95
440	95
450	95
492	95
511	95
536	95
570	95
577	95
585	95
589	95
590	95
613	95
627	95
706	95
720	95
740	95
758	95
35	96
95	96
214	96
244	96
274	96
344	96
446	96
482	96
504	96
653	96
658	96
718	96
720	96
30	97
37	97
62	97
96	97
291	97
381	97
430	97
511	97
642	97
706	97
23	98
63	98
68	98
97	98
179	98
217	98
344	98
354	98
426	98
515	98
655	98
693	98
719	98
8	99
44	99
98	99
146	99
242	99
405	99
421	99
478	99
518	99
595	99
605	99
623	99
753	99
766	99
58	100
63	100
99	100
104	100
221	100
337	100
351	100
354	100
380	100
459	100
469	100
488	100
553	100
557	100
6	101
100	101
169	101
182	101
495	101
628	101
638	101
645	101
669	101
688	101
692	101
711	101
52	102
65	102
79	102
101	102
111	102
161	102
163	102
254	102
415	102
432	102
636	102
660	102
707	102
102	103
139	103
200	103
205	103
271	103
371	103
414	103
626	103
632	103
637	103
645	103
654	103
90	104
94	104
103	104
117	104
164	104
249	104
426	104
468	104
502	104
537	104
561	104
572	104
666	104
687	104
10	105
104	105
178	105
382	105
395	105
622	105
687	105
745	105
765	105
51	106
105	106
184	106
218	106
229	106
359	106
427	106
589	106
591	106
632	106
646	106
727	106
753	106
759	106
20	107
92	107
106	107
208	107
228	107
342	107
414	107
462	107
644	107
653	107
666	107
107	108
166	108
250	108
453	108
478	108
579	108
597	108
706	108
744	108
108	109
134	109
196	109
223	109
229	109
231	109
285	109
313	109
575	109
621	109
700	109
765	109
109	110
199	110
285	110
513	110
515	110
110	111
200	111
210	111
230	111
287	111
339	111
353	111
443	111
520	111
682	111
733	111
735	111
96	112
110	112
111	112
178	112
269	112
305	112
377	112
396	112
539	112
559	112
674	112
694	112
764	112
768	112
2	113
112	113
141	113
152	113
195	113
361	113
395	113
400	113
408	113
558	113
570	113
598	113
618	113
647	113
656	113
10	114
68	114
113	114
238	114
258	114
298	114
347	114
556	114
567	114
615	114
75	115
107	115
114	115
133	115
191	115
244	115
309	115
443	115
459	115
480	115
571	115
580	115
584	115
603	115
604	115
629	115
648	115
37	116
79	116
112	116
115	116
125	116
130	116
148	116
212	116
262	116
339	116
415	116
443	116
499	116
549	116
642	116
756	116
116	117
119	117
293	117
353	117
435	117
576	117
605	117
666	117
14	118
20	118
117	118
127	118
159	118
163	118
193	118
258	118
266	118
377	118
434	118
506	118
566	118
586	118
693	118
761	118
118	119
153	119
333	119
380	119
407	119
473	119
540	119
541	119
582	119
584	119
678	119
57	120
60	120
90	120
119	120
151	120
172	120
177	120
185	120
187	120
282	120
518	120
528	120
538	120
579	120
610	120
681	120
701	120
702	120
41	121
67	121
105	121
120	121
123	121
142	121
193	121
203	121
254	121
311	121
678	121
743	121
749	121
39	122
121	122
174	122
213	122
256	122
310	122
450	122
465	122
487	122
556	122
565	122
645	122
652	122
676	122
693	122
705	122
766	122
14	123
115	123
122	123
201	123
251	123
315	123
381	123
575	123
588	123
27	124
105	124
123	124
241	124
524	124
579	124
598	124
738	124
15	125
44	125
124	125
181	125
183	125
248	125
272	125
351	125
370	125
461	125
470	125
552	125
553	125
643	125
659	125
676	125
682	125
704	125
759	125
125	126
131	126
176	126
182	126
203	126
352	126
390	126
421	126
715	126
3	127
15	127
46	127
78	127
87	127
95	127
126	127
181	127
254	127
279	127
291	127
307	127
319	127
340	127
363	127
405	127
440	127
622	127
710	127
85	128
127	128
171	128
181	128
217	128
226	128
355	128
368	128
486	128
541	128
675	128
744	128
65	129
73	129
128	129
171	129
275	129
324	129
331	129
362	129
384	129
413	129
418	129
470	129
482	129
508	129
566	129
701	129
97	130
99	130
129	130
154	130
201	130
377	130
409	130
596	130
750	130
759	130
6	131
98	131
130	131
354	131
370	131
425	131
451	131
608	131
629	131
661	131
724	131
49	132
131	132
219	132
264	132
293	132
377	132
406	132
632	132
634	132
698	132
132	133
163	133
215	133
253	133
310	133
327	133
367	133
413	133
498	133
604	133
646	133
716	133
760	133
30	134
84	134
86	134
103	134
127	134
133	134
196	134
276	134
298	134
404	134
573	134
747	134
43	135
110	135
134	135
196	135
241	135
261	135
275	135
282	135
289	135
365	135
394	135
529	135
578	135
705	135
19	136
110	136
135	136
197	136
268	136
570	136
694	136
708	136
35	137
136	137
161	137
235	137
259	137
278	137
339	137
409	137
524	137
532	137
619	137
692	137
719	137
728	137
57	138
104	138
137	138
154	138
208	138
227	138
344	138
364	138
403	138
410	138
425	138
528	138
638	138
737	138
31	139
63	139
85	139
93	139
138	139
149	139
179	139
257	139
288	139
344	139
431	139
611	139
740	139
85	140
139	140
153	140
176	140
202	140
333	140
345	140
399	140
415	140
416	140
423	140
434	140
449	140
617	140
690	140
704	140
749	140
37	141
137	141
140	141
208	141
239	141
314	141
387	141
403	141
406	141
439	141
695	141
65	142
117	142
141	142
153	142
309	142
311	142
413	142
471	142
580	142
612	142
675	142
677	142
718	142
724	142
65	143
142	143
199	143
275	143
364	143
378	143
401	143
419	143
462	143
521	143
529	143
595	143
649	143
653	143
693	143
704	143
756	143
89	144
100	144
129	144
143	144
148	144
213	144
281	144
321	144
387	144
401	144
421	144
471	144
640	144
140	145
143	145
144	145
188	145
201	145
260	145
347	145
353	145
360	145
367	145
376	145
382	145
434	145
436	145
623	145
683	145
703	145
145	146
277	146
299	146
465	146
485	146
548	146
551	146
583	146
608	146
707	146
47	147
92	147
125	147
146	147
170	147
246	147
256	147
308	147
319	147
329	147
330	147
467	147
468	147
503	147
511	147
574	147
664	147
667	147
18	148
103	148
122	148
147	148
149	148
222	148
231	148
391	148
407	148
428	148
441	148
497	148
508	148
525	148
554	148
628	148
663	148
88	149
148	149
219	149
296	149
322	149
482	149
540	149
651	149
18	150
91	150
149	150
433	150
493	150
516	150
566	150
715	150
19	151
55	151
92	151
107	151
108	151
142	151
150	151
222	151
349	151
393	151
430	151
440	151
460	151
466	151
662	151
706	151
761	151
1	152
118	152
151	152
228	152
229	152
242	152
249	152
357	152
379	152
497	152
503	152
548	152
555	152
621	152
748	152
34	153
79	153
152	153
206	153
236	153
263	153
287	153
299	153
400	153
427	153
526	153
541	153
655	153
715	153
720	153
753	153
2	154
89	154
104	154
119	154
123	154
153	154
173	154
250	154
304	154
347	154
457	154
480	154
529	154
569	154
663	154
736	154
154	155
165	155
339	155
356	155
405	155
460	155
471	155
508	155
517	155
536	155
585	155
651	155
688	155
749	155
68	156
80	156
114	156
155	156
256	156
310	156
326	156
342	156
412	156
451	156
502	156
506	156
531	156
601	156
704	156
30	157
47	157
116	157
156	157
166	157
281	157
320	157
405	157
591	157
603	157
604	157
697	157
749	157
6	158
16	158
155	158
157	158
195	158
227	158
249	158
272	158
297	158
328	158
372	158
447	158
454	158
572	158
757	158
758	158
138	159
158	159
222	159
267	159
275	159
321	159
398	159
450	159
569	159
706	159
732	159
119	160
159	160
213	160
221	160
230	160
285	160
528	160
590	160
662	160
741	160
110	161
160	161
299	161
395	161
612	161
711	161
717	161
7	162
29	162
34	162
96	162
138	162
161	162
202	162
217	162
230	162
239	162
254	162
303	162
358	162
560	162
634	162
703	162
1	163
111	163
162	163
244	163
383	163
482	163
492	163
163	164
189	164
190	164
248	164
271	164
302	164
432	164
438	164
456	164
498	164
515	164
526	164
607	164
624	164
676	164
689	164
739	164
151	165
152	165
163	165
164	165
265	165
393	165
422	165
428	165
508	165
556	165
569	165
682	165
44	166
84	166
146	166
165	166
168	166
186	166
282	166
291	166
411	166
520	166
679	166
747	166
49	167
135	167
137	167
166	167
280	167
305	167
314	167
430	167
445	167
454	167
457	167
478	167
516	167
546	167
640	167
167	168
196	168
229	168
243	168
333	168
447	168
496	168
549	168
665	168
734	168
68	169
168	169
258	169
295	169
376	169
386	169
409	169
456	169
589	169
633	169
666	169
718	169
116	170
124	170
169	170
199	170
238	170
406	170
421	170
515	170
655	170
124	171
136	171
168	171
170	171
175	171
249	171
252	171
355	171
365	171
369	171
477	171
595	171
638	171
672	171
704	171
167	172
171	172
209	172
312	172
325	172
366	172
405	172
408	172
541	172
581	172
681	172
690	172
765	172
31	173
90	173
129	173
147	173
151	173
172	173
314	173
471	173
529	173
580	173
614	173
718	173
31	174
138	174
173	174
286	174
295	174
298	174
315	174
375	174
453	174
455	174
461	174
524	174
559	174
623	174
631	174
662	174
727	174
734	174
746	174
750	174
761	174
29	175
87	175
128	175
174	175
403	175
542	175
589	175
621	175
687	175
713	175
17	176
68	176
175	176
295	176
443	176
446	176
473	176
485	176
591	176
627	176
629	176
748	176
765	176
23	177
37	177
77	177
176	177
209	177
285	177
409	177
425	177
483	177
497	177
593	177
687	177
688	177
693	177
36	178
137	178
139	178
147	178
177	178
256	178
380	178
381	178
402	178
422	178
499	178
579	178
623	178
638	178
675	178
88	179
170	179
178	179
359	179
473	179
499	179
533	179
617	179
650	179
667	179
743	179
761	179
166	180
179	180
278	180
380	180
406	180
432	180
485	180
530	180
565	180
614	180
721	180
747	180
757	180
13	181
87	181
158	181
164	181
180	181
194	181
292	181
357	181
456	181
736	181
101	182
103	182
181	182
253	182
343	182
345	182
453	182
468	182
495	182
505	182
538	182
570	182
619	182
749	182
18	183
26	183
51	183
83	183
124	183
182	183
197	183
264	183
346	183
420	183
543	183
657	183
755	183
169	184
183	184
202	184
255	184
287	184
380	184
415	184
449	184
529	184
568	184
623	184
634	184
635	184
184	185
236	185
241	185
263	185
339	185
435	185
488	185
507	185
524	185
39	186
41	186
149	186
172	186
185	186
207	186
231	186
282	186
313	186
454	186
496	186
498	186
570	186
587	186
754	186
52	187
55	187
186	187
199	187
329	187
353	187
366	187
395	187
406	187
418	187
439	187
476	187
570	187
746	187
51	188
177	188
187	188
271	188
352	188
452	188
570	188
602	188
738	188
188	189
190	189
304	189
310	189
356	189
376	189
414	189
434	189
585	189
600	189
619	189
646	189
28	190
51	190
111	190
189	190
197	190
229	190
359	190
392	190
547	190
616	190
41	191
117	191
154	191
164	191
190	191
238	191
324	191
369	191
384	191
466	191
511	191
537	191
549	191
560	191
728	191
24	192
38	192
48	192
65	192
66	192
181	192
191	192
232	192
333	192
384	192
389	192
397	192
510	192
630	192
707	192
711	192
740	192
164	193
169	193
192	193
224	193
227	193
314	193
338	193
425	193
440	193
453	193
463	193
503	193
570	193
640	193
653	193
768	193
75	194
100	194
131	194
193	194
219	194
246	194
251	194
269	194
538	194
575	194
579	194
757	194
110	195
180	195
181	195
194	195
243	195
268	195
275	195
308	195
309	195
490	195
557	195
579	195
585	195
747	195
750	195
1	196
35	196
39	196
40	196
195	196
364	196
468	196
550	196
594	196
603	196
611	196
732	196
16	197
19	197
66	197
109	197
183	197
196	197
200	197
214	197
295	197
297	197
430	197
444	197
489	197
536	197
593	197
621	197
624	197
743	197
168	198
197	198
329	198
340	198
678	198
715	198
745	198
115	199
123	199
198	199
252	199
343	199
367	199
421	199
427	199
108	200
138	200
179	200
198	200
199	200
207	200
291	200
303	200
326	200
395	200
415	200
419	200
428	200
435	200
505	200
669	200
126	201
152	201
194	201
200	201
204	201
206	201
308	201
309	201
455	201
583	201
607	201
623	201
662	201
672	201
756	201
758	201
763	201
201	202
223	202
298	202
349	202
464	202
541	202
670	202
746	202
1	203
17	203
51	203
157	203
202	203
235	203
288	203
298	203
317	203
336	203
621	203
689	203
766	203
104	204
192	204
196	204
203	204
217	204
306	204
333	204
609	204
614	204
624	204
688	204
15	205
72	205
127	205
176	205
204	205
233	205
318	205
348	205
422	205
446	205
616	205
746	205
31	206
163	206
205	206
271	206
306	206
358	206
468	206
503	206
532	206
686	206
687	206
755	206
763	206
23	207
82	207
89	207
206	207
213	207
292	207
334	207
398	207
405	207
443	207
471	207
484	207
537	207
585	207
617	207
641	207
666	207
696	207
724	207
68	208
88	208
95	208
100	208
207	208
240	208
255	208
305	208
336	208
407	208
425	208
451	208
588	208
610	208
666	208
684	208
713	208
91	209
122	209
125	209
176	209
183	209
208	209
440	209
471	209
575	209
655	209
690	209
45	210
188	210
209	210
232	210
262	210
265	210
296	210
331	210
342	210
389	210
446	210
551	210
701	210
723	210
731	210
739	210
759	210
109	211
166	211
210	211
280	211
306	211
391	211
503	211
602	211
617	211
625	211
720	211
761	211
143	212
154	212
178	212
181	212
211	212
281	212
354	212
443	212
448	212
633	212
28	213
36	213
99	213
212	213
253	213
475	213
564	213
568	213
633	213
687	213
697	213
749	213
71	214
129	214
213	214
240	214
253	214
261	214
319	214
324	214
482	214
669	214
739	214
78	215
98	215
214	215
249	215
319	215
554	215
624	215
656	215
755	215
21	216
62	216
74	216
166	216
192	216
194	216
215	216
227	216
242	216
273	216
448	216
571	216
608	216
683	216
34	217
85	217
153	217
216	217
271	217
384	217
407	217
473	217
517	217
556	217
647	217
42	218
43	218
207	218
217	218
275	218
307	218
308	218
322	218
354	218
465	218
534	218
551	218
558	218
744	218
746	218
6	219
36	219
90	219
100	219
206	219
218	219
357	219
477	219
498	219
538	219
572	219
583	219
584	219
726	219
736	219
45	220
51	220
78	220
81	220
143	220
144	220
179	220
219	220
348	220
553	220
568	220
581	220
606	220
668	220
682	220
152	221
167	221
220	221
387	221
606	221
620	221
632	221
692	221
699	221
741	221
96	222
97	222
139	222
221	222
239	222
299	222
367	222
458	222
496	222
519	222
553	222
570	222
608	222
622	222
746	222
81	223
204	223
222	223
260	223
360	223
417	223
426	223
474	223
499	223
699	223
32	224
38	224
82	224
150	224
154	224
179	224
188	224
214	224
223	224
288	224
290	224
296	224
400	224
486	224
489	224
498	224
535	224
632	224
670	224
677	224
726	224
738	224
751	224
124	225
194	225
224	225
226	225
295	225
509	225
574	225
675	225
676	225
70	226
96	226
225	226
227	226
295	226
370	226
431	226
562	226
570	226
586	226
659	226
725	226
21	227
22	227
33	227
49	227
111	227
116	227
211	227
226	227
251	227
444	227
454	227
495	227
569	227
608	227
742	227
7	228
32	228
42	228
165	228
227	228
392	228
401	228
502	228
508	228
516	228
589	228
639	228
691	228
733	228
757	228
51	229
57	229
70	229
189	229
191	229
223	229
228	229
242	229
260	229
268	229
291	229
294	229
299	229
343	229
373	229
621	229
631	229
653	229
663	229
676	229
685	229
4	230
229	230
404	230
441	230
453	230
555	230
624	230
703	230
720	230
25	231
148	231
152	231
154	231
230	231
287	231
379	231
511	231
515	231
582	231
598	231
608	231
650	231
720	231
734	231
24	232
72	232
102	232
105	232
139	232
167	232
188	232
231	232
471	232
477	232
549	232
594	232
627	232
671	232
42	233
87	233
232	233
303	233
310	233
352	233
588	233
605	233
657	233
703	233
56	234
59	234
81	234
233	234
297	234
321	234
345	234
378	234
385	234
417	234
424	234
682	234
61	235
72	235
150	235
232	235
234	235
375	235
392	235
408	235
432	235
442	235
476	235
541	235
763	235
37	236
87	236
175	236
228	236
235	236
252	236
290	236
385	236
459	236
464	236
515	236
646	236
661	236
703	236
728	236
9	237
14	237
81	237
125	237
133	237
201	237
233	237
234	237
236	237
266	237
331	237
431	237
511	237
552	237
648	237
678	237
686	237
22	238
25	238
237	238
257	238
298	238
312	238
337	238
501	238
521	238
547	238
554	238
563	238
629	238
646	238
698	238
701	238
20	239
49	239
53	239
86	239
173	239
185	239
219	239
221	239
225	239
230	239
238	239
329	239
344	239
422	239
447	239
488	239
570	239
602	239
614	239
698	239
17	240
19	240
206	240
228	240
239	240
348	240
363	240
376	240
461	240
478	240
594	240
614	240
715	240
726	240
22	241
46	241
131	241
142	241
235	241
240	241
288	241
349	241
361	241
386	241
450	241
451	241
460	241
482	241
495	241
649	241
746	241
751	241
755	241
152	242
184	242
186	242
215	242
241	242
319	242
356	242
488	242
548	242
646	242
728	242
738	242
13	243
49	243
127	243
206	243
216	243
237	243
242	243
285	243
319	243
329	243
387	243
455	243
513	243
518	243
521	243
526	243
626	243
650	243
661	243
725	243
752	243
32	244
200	244
203	244
243	244
250	244
278	244
329	244
427	244
446	244
463	244
566	244
622	244
654	244
760	244
2	245
98	245
143	245
150	245
159	245
177	245
179	245
225	245
244	245
301	245
320	245
491	245
530	245
561	245
566	245
572	245
664	245
684	245
745	245
16	246
50	246
96	246
230	246
237	246
245	246
254	246
261	246
366	246
407	246
459	246
492	246
668	246
246	247
278	247
310	247
430	247
460	247
507	247
587	247
740	247
743	247
762	247
47	248
89	248
143	248
247	248
267	248
337	248
389	248
400	248
468	248
469	248
490	248
494	248
498	248
691	248
712	248
248	249
252	249
309	249
379	249
485	249
528	249
605	249
17	250
73	250
117	250
249	250
264	250
269	250
278	250
336	250
497	250
529	250
533	250
549	250
570	250
624	250
737	250
11	251
94	251
192	251
250	251
320	251
487	251
494	251
532	251
721	251
745	251
46	252
49	252
60	252
155	252
177	252
251	252
281	252
300	252
432	252
452	252
513	252
532	252
541	252
542	252
582	252
626	252
751	252
755	252
134	253
141	253
174	253
189	253
201	253
217	253
252	253
290	253
328	253
354	253
377	253
415	253
483	253
490	253
516	253
532	253
536	253
589	253
603	253
651	253
728	253
120	254
137	254
156	254
186	254
226	254
253	254
271	254
310	254
374	254
440	254
508	254
511	254
763	254
62	255
173	255
178	255
184	255
254	255
321	255
425	255
503	255
567	255
572	255
750	255
752	255
233	256
255	256
351	256
383	256
424	256
560	256
595	256
633	256
640	256
642	256
14	257
116	257
128	257
151	257
256	257
275	257
298	257
382	257
413	257
632	257
649	257
159	258
198	258
199	258
226	258
257	258
268	258
386	258
437	258
523	258
560	258
580	258
600	258
622	258
680	258
687	258
741	258
748	258
39	259
99	259
112	259
122	259
258	259
285	259
341	259
365	259
400	259
441	259
457	259
528	259
564	259
620	259
633	259
648	259
671	259
716	259
725	259
74	260
259	260
278	260
283	260
414	260
504	260
553	260
591	260
639	260
681	260
260	261
311	261
530	261
534	261
622	261
732	261
741	261
3	262
190	262
261	262
352	262
356	262
444	262
465	262
522	262
560	262
7	263
27	263
31	263
92	263
248	263
262	263
322	263
335	263
342	263
557	263
631	263
689	263
89	264
104	264
136	264
213	264
243	264
263	264
323	264
485	264
490	264
615	264
733	264
756	264
1	265
2	265
53	265
75	265
188	265
216	265
264	265
278	265
555	265
689	265
697	265
723	265
9	266
12	266
132	266
188	266
203	266
241	266
251	266
265	266
334	266
409	266
617	266
677	266
704	266
721	266
765	266
98	267
236	267
246	267
266	267
277	267
369	267
390	267
393	267
418	267
491	267
537	267
618	267
682	267
764	267
5	268
140	268
216	268
224	268
267	268
534	268
540	268
561	268
575	268
723	268
2	269
10	269
40	269
86	269
133	269
199	269
208	269
223	269
237	269
240	269
249	269
268	269
316	269
501	269
535	269
571	269
614	269
664	269
715	269
44	270
55	270
128	270
148	270
156	270
163	270
189	270
254	270
269	270
324	270
409	270
472	270
532	270
654	270
684	270
719	270
127	271
217	271
254	271
270	271
363	271
399	271
439	271
456	271
551	271
607	271
658	271
664	271
746	271
31	272
44	272
47	272
271	272
338	272
353	272
558	272
568	272
699	272
99	273
108	273
173	273
185	273
192	273
227	273
237	273
272	273
333	273
368	273
597	273
713	273
23	274
189	274
244	274
264	274
271	274
273	274
406	274
409	274
438	274
441	274
484	274
576	274
590	274
696	274
741	274
140	275
146	275
274	275
288	275
404	275
424	275
487	275
528	275
561	275
584	275
587	275
741	275
2	276
3	276
4	276
35	276
207	276
213	276
241	276
275	276
282	276
285	276
312	276
314	276
334	276
346	276
372	276
411	276
439	276
457	276
506	276
510	276
518	276
603	276
627	276
672	276
689	276
54	277
232	277
276	277
352	277
397	277
481	277
612	277
685	277
690	277
103	278
156	278
220	278
277	278
328	278
379	278
398	278
399	278
479	278
514	278
517	278
523	278
542	278
615	278
653	278
654	278
68	279
76	279
104	279
105	279
179	279
278	279
344	279
357	279
409	279
519	279
633	279
763	279
6	280
76	280
117	280
219	280
259	280
279	280
298	280
341	280
467	280
586	280
619	280
663	280
6	281
22	281
60	281
80	281
93	281
120	281
280	281
338	281
399	281
600	281
637	281
665	281
27	282
35	282
212	282
281	282
365	282
393	282
557	282
630	282
651	282
721	282
750	282
756	282
17	283
19	283
58	283
144	283
171	283
282	283
292	283
293	283
393	283
422	283
510	283
572	283
603	283
713	283
735	283
746	283
755	283
69	284
165	284
217	284
283	284
419	284
495	284
497	284
498	284
557	284
628	284
656	284
68	285
248	285
284	285
483	285
501	285
504	285
550	285
600	285
648	285
673	285
732	285
21	286
45	286
46	286
49	286
160	286
176	286
285	286
319	286
442	286
452	286
474	286
499	286
525	286
596	286
640	286
698	286
755	286
768	286
13	287
60	287
253	287
265	287
286	287
406	287
435	287
481	287
515	287
524	287
529	287
677	287
48	288
79	288
195	288
287	288
292	288
401	288
445	288
493	288
505	288
580	288
729	288
744	288
102	289
163	289
187	289
253	289
288	289
311	289
319	289
334	289
400	289
469	289
499	289
610	289
612	289
618	289
34	290
98	290
113	290
132	290
158	290
176	290
253	290
263	290
289	290
410	290
506	290
515	290
672	290
181	291
276	291
290	291
345	291
377	291
408	291
702	291
31	292
37	292
94	292
96	292
101	292
156	292
229	292
255	292
291	292
302	292
378	292
466	292
481	292
487	292
508	292
535	292
568	292
578	292
608	292
688	292
729	292
38	293
132	293
150	293
179	293
199	293
227	293
292	293
308	293
337	293
469	293
473	293
559	293
576	293
614	293
630	293
638	293
762	293
158	294
293	294
503	294
527	294
551	294
563	294
567	294
625	294
634	294
657	294
659	294
669	294
680	294
719	294
734	294
161	295
166	295
170	295
197	295
282	295
294	295
305	295
314	295
413	295
416	295
433	295
437	295
443	295
546	295
653	295
18	296
94	296
186	296
264	296
295	296
314	296
346	296
444	296
459	296
717	296
737	296
742	296
296	297
342	297
432	297
440	297
444	297
458	297
513	297
570	297
643	297
736	297
743	297
752	297
759	297
42	298
66	298
88	298
105	298
232	298
297	298
312	298
461	298
507	298
555	298
557	298
741	298
64	299
192	299
195	299
281	299
298	299
519	299
561	299
647	299
749	299
44	300
79	300
193	300
201	300
216	300
299	300
359	300
400	300
459	300
574	300
626	300
653	300
726	300
15	301
156	301
161	301
207	301
300	301
367	301
466	301
528	301
689	301
722	301
736	301
14	302
43	302
164	302
301	302
341	302
349	302
389	302
390	302
391	302
498	302
685	302
693	302
721	302
743	302
745	302
761	302
76	303
89	303
138	303
302	303
376	303
502	303
516	303
533	303
675	303
691	303
728	303
750	303
766	303
30	304
193	304
270	304
276	304
284	304
303	304
310	304
320	304
328	304
365	304
391	304
525	304
548	304
553	304
562	304
604	304
685	304
699	304
5	305
12	305
143	305
164	305
279	305
304	305
318	305
337	305
422	305
523	305
562	305
624	305
690	305
705	305
708	305
719	305
734	305
2	306
178	306
230	306
259	306
305	306
351	306
374	306
398	306
543	306
550	306
582	306
700	306
703	306
765	306
4	307
21	307
42	307
112	307
114	307
122	307
306	307
382	307
411	307
495	307
628	307
635	307
662	307
695	307
727	307
31	308
101	308
140	308
205	308
301	308
307	308
444	308
490	308
553	308
559	308
617	308
96	309
164	309
195	309
236	309
308	309
491	309
524	309
587	309
597	309
667	309
151	310
217	310
220	310
309	310
334	310
355	310
436	310
450	310
459	310
523	310
532	310
583	310
590	310
676	310
196	311
310	311
314	311
514	311
537	311
715	311
733	311
16	312
79	312
83	312
115	312
205	312
290	312
311	312
314	312
326	312
363	312
445	312
450	312
641	312
658	312
703	312
712	312
739	312
767	312
60	313
115	313
148	313
156	313
229	313
265	313
275	313
312	313
347	313
415	313
427	313
433	313
484	313
563	313
607	313
611	313
624	313
633	313
682	313
722	313
754	313
6	314
111	314
180	314
203	314
205	314
313	314
529	314
544	314
669	314
123	315
188	315
314	315
355	315
435	315
460	315
657	315
749	315
156	316
315	316
332	316
337	316
363	316
483	316
587	316
604	316
705	316
767	316
61	317
62	317
189	317
316	317
322	317
606	317
630	317
682	317
763	317
29	318
163	318
175	318
179	318
182	318
189	318
303	318
315	318
317	318
472	318
639	318
657	318
691	318
3	319
63	319
106	319
128	319
172	319
180	319
209	319
251	319
280	319
282	319
313	319
318	319
347	319
407	319
467	319
487	319
523	319
577	319
584	319
604	319
695	319
9	320
54	320
216	320
319	320
484	320
487	320
533	320
693	320
711	320
126	321
228	321
320	321
335	321
424	321
445	321
448	321
519	321
537	321
567	321
737	321
75	322
76	322
190	322
252	322
297	322
321	322
458	322
557	322
590	322
601	322
666	322
695	322
742	322
15	323
60	323
100	323
102	323
195	323
213	323
218	323
221	323
231	323
306	323
322	323
383	323
445	323
489	323
691	323
693	323
727	323
66	324
85	324
145	324
157	324
188	324
214	324
240	324
302	324
323	324
327	324
343	324
401	324
437	324
439	324
55	325
115	325
148	325
290	325
307	325
324	325
552	325
578	325
610	325
619	325
159	326
325	326
368	326
410	326
514	326
534	326
620	326
643	326
694	326
5	327
9	327
14	327
44	327
52	327
89	327
135	327
150	327
171	327
216	327
290	327
292	327
326	327
328	327
468	327
521	327
541	327
687	327
697	327
766	327
148	328
167	328
177	328
259	328
299	328
325	328
327	328
330	328
348	328
428	328
514	328
661	328
740	328
91	329
145	329
197	329
307	329
328	329
341	329
432	329
539	329
543	329
563	329
586	329
591	329
625	329
631	329
657	329
723	329
80	330
204	330
219	330
224	330
250	330
254	330
329	330
356	330
500	330
638	330
705	330
710	330
5	331
95	331
119	331
134	331
280	331
305	331
330	331
360	331
413	331
495	331
496	331
560	331
565	331
592	331
594	331
623	331
672	331
764	331
18	332
131	332
193	332
218	332
276	332
331	332
359	332
362	332
538	332
627	332
20	333
84	333
131	333
210	333
271	333
332	333
356	333
372	333
394	333
403	333
434	333
558	333
577	333
621	333
669	333
690	333
735	333
172	334
198	334
245	334
333	334
352	334
416	334
419	334
492	334
504	334
570	334
572	334
607	334
627	334
652	334
692	334
715	334
717	334
718	334
723	334
54	335
146	335
166	335
205	335
224	335
243	335
279	335
334	335
375	335
395	335
401	335
499	335
563	335
597	335
622	335
624	335
698	335
1	336
142	336
201	336
246	336
292	336
318	336
320	336
325	336
335	336
353	336
407	336
454	336
504	336
759	336
7	337
35	337
143	337
240	337
255	337
257	337
286	337
336	337
348	337
351	337
386	337
405	337
557	337
616	337
646	337
670	337
689	337
736	337
41	338
69	338
99	338
130	338
167	338
248	338
328	338
337	338
356	338
372	338
422	338
513	338
601	338
612	338
623	338
633	338
702	338
29	339
37	339
39	339
88	339
122	339
190	339
338	339
350	339
405	339
439	339
462	339
483	339
528	339
531	339
588	339
590	339
647	339
649	339
676	339
720	339
724	339
8	340
12	340
160	340
172	340
247	340
257	340
299	340
339	340
367	340
538	340
543	340
602	340
652	340
23	341
26	341
57	341
90	341
119	341
192	341
229	341
340	341
404	341
489	341
526	341
583	341
609	341
666	341
699	341
727	341
12	342
102	342
153	342
211	342
226	342
249	342
305	342
330	342
341	342
356	342
389	342
432	342
447	342
469	342
503	342
652	342
733	342
232	343
342	343
373	343
431	343
467	343
592	343
640	343
643	343
661	343
667	343
11	344
111	344
190	344
194	344
226	344
249	344
251	344
308	344
321	344
343	344
405	344
471	344
480	344
544	344
723	344
739	344
23	345
52	345
149	345
184	345
199	345
312	345
333	345
344	345
365	345
370	345
463	345
488	345
569	345
32	346
151	346
216	346
345	346
424	346
461	346
472	346
490	346
505	346
524	346
542	346
611	346
629	346
657	346
706	346
41	347
102	347
110	347
200	347
244	347
346	347
367	347
377	347
463	347
575	347
594	347
661	347
680	347
692	347
707	347
747	347
761	347
14	348
48	348
135	348
194	348
283	348
295	348
316	348
347	348
429	348
479	348
524	348
637	348
652	348
747	348
754	348
757	348
149	349
172	349
173	349
348	349
399	349
400	349
402	349
445	349
470	349
503	349
515	349
535	349
726	349
61	350
273	350
332	350
349	350
376	350
429	350
509	350
532	350
541	350
544	350
582	350
585	350
699	350
13	351
104	351
194	351
212	351
270	351
329	351
350	351
356	351
450	351
591	351
645	351
707	351
749	351
74	352
106	352
163	352
348	352
351	352
473	352
523	352
525	352
542	352
621	352
659	352
709	352
718	352
2	353
44	353
101	353
335	353
352	353
368	353
369	353
505	353
512	353
586	353
589	353
690	353
763	353
9	354
85	354
86	354
122	354
138	354
168	354
192	354
209	354
274	354
321	354
328	354
347	354
353	354
446	354
458	354
513	354
536	354
561	354
568	354
599	354
156	355
199	355
309	355
321	355
354	355
359	355
422	355
504	355
564	355
608	355
654	355
680	355
721	355
722	355
158	356
355	356
358	356
409	356
513	356
517	356
534	356
539	356
620	356
106	357
258	357
356	357
479	357
54	358
162	358
269	358
326	358
329	358
357	358
403	358
428	358
586	358
592	358
636	358
670	358
735	358
33	359
36	359
221	359
222	359
258	359
321	359
358	359
423	359
455	359
463	359
499	359
506	359
545	359
568	359
604	359
661	359
719	359
753	359
155	360
198	360
273	360
338	360
359	360
447	360
478	360
577	360
712	360
759	360
760	360
69	361
132	361
135	361
137	361
138	361
166	361
182	361
263	361
360	361
375	361
403	361
441	361
475	361
504	361
529	361
543	361
616	361
628	361
689	361
49	362
103	362
105	362
139	362
156	362
221	362
285	362
346	362
361	362
546	362
571	362
601	362
645	362
754	362
78	363
80	363
101	363
111	363
362	363
390	363
523	363
556	363
608	363
638	363
714	363
82	364
90	364
214	364
217	364
228	364
287	364
363	364
629	364
658	364
679	364
748	364
182	365
239	365
259	365
281	365
313	365
358	365
364	365
422	365
436	365
556	365
618	365
619	365
3	366
119	366
189	366
260	366
365	366
417	366
473	366
522	366
544	366
656	366
710	366
726	366
14	367
32	367
143	367
253	367
268	367
284	367
307	367
366	367
482	367
632	367
762	367
34	368
40	368
101	368
119	368
128	368
162	368
367	368
422	368
492	368
573	368
656	368
693	368
751	368
43	369
56	369
70	369
148	369
180	369
217	369
266	369
343	369
366	369
368	369
376	369
416	369
420	369
449	369
485	369
505	369
571	369
702	369
703	369
704	369
711	369
751	369
765	369
70	370
110	370
179	370
236	370
282	370
287	370
369	370
381	370
396	370
443	370
516	370
530	370
541	370
567	370
573	370
593	370
661	370
725	370
749	370
750	370
70	371
88	371
123	371
170	371
185	371
207	371
270	371
355	371
370	371
464	371
497	371
542	371
551	371
604	371
672	371
714	371
13	372
152	372
155	372
302	372
371	372
382	372
395	372
415	372
429	372
710	372
33	373
52	373
74	373
299	373
301	373
351	373
372	373
535	373
557	373
576	373
598	373
602	373
615	373
686	373
701	373
717	373
50	374
97	374
297	374
328	374
373	374
378	374
411	374
429	374
434	374
477	374
500	374
565	374
746	374
51	375
52	375
107	375
198	375
374	375
384	375
563	375
597	375
761	375
14	376
123	376
164	376
265	376
272	376
333	376
375	376
393	376
405	376
408	376
440	376
488	376
524	376
722	376
175	377
358	377
360	377
362	377
375	377
376	377
452	377
484	377
503	377
519	377
600	377
705	377
57	378
115	378
158	378
289	378
303	378
377	378
411	378
426	378
438	378
711	378
737	378
5	379
214	379
315	379
378	379
446	379
501	379
535	379
550	379
661	379
735	379
28	380
78	380
126	380
199	380
210	380
247	380
248	380
256	380
334	380
379	380
413	380
471	380
490	380
616	380
620	380
729	380
30	381
38	381
50	381
121	381
308	381
313	381
328	381
380	381
427	381
522	381
633	381
5	382
113	382
246	382
254	382
282	382
293	382
328	382
357	382
381	382
398	382
425	382
491	382
569	382
680	382
31	383
59	383
162	383
215	383
250	383
330	383
382	383
454	383
568	383
694	383
704	383
709	383
721	383
723	383
751	383
137	384
219	384
247	384
383	384
399	384
454	384
529	384
673	384
681	384
682	384
691	384
10	385
108	385
125	385
145	385
146	385
216	385
276	385
299	385
350	385
384	385
405	385
450	385
561	385
566	385
579	385
617	385
716	385
10	386
20	386
65	386
77	386
173	386
174	386
180	386
223	386
295	386
328	386
338	386
352	386
355	386
385	386
468	386
534	386
109	387
113	387
118	387
289	387
291	387
386	387
393	387
445	387
546	387
574	387
625	387
650	387
698	387
725	387
740	387
21	388
134	388
138	388
162	388
246	388
387	388
470	388
483	388
501	388
515	388
558	388
630	388
109	389
158	389
236	389
306	389
334	389
359	389
388	389
393	389
570	389
761	389
764	389
10	390
31	390
58	390
115	390
132	390
202	390
285	390
377	390
389	390
487	390
489	390
498	390
522	390
563	390
638	390
675	390
37	391
102	391
121	391
166	391
169	391
188	391
194	391
306	391
358	391
390	391
504	391
552	391
615	391
688	391
6	392
96	392
158	392
215	392
217	392
241	392
332	392
340	392
391	392
496	392
517	392
581	392
613	392
659	392
703	392
710	392
760	392
15	393
119	393
143	393
170	393
204	393
392	393
453	393
514	393
535	393
612	393
694	393
699	393
92	394
99	394
232	394
318	394
393	394
422	394
549	394
627	394
637	394
46	395
190	395
268	395
292	395
295	395
374	395
392	395
394	395
458	395
505	395
528	395
639	395
65	396
137	396
212	396
213	396
364	396
375	396
395	396
406	396
585	396
204	397
235	397
278	397
321	397
396	397
423	397
424	397
550	397
601	397
658	397
703	397
6	398
32	398
48	398
119	398
135	398
263	398
288	398
397	398
410	398
413	398
472	398
613	398
704	398
741	398
14	399
52	399
93	399
96	399
222	399
246	399
251	399
263	399
265	399
319	399
398	399
484	399
490	399
564	399
581	399
594	399
679	399
721	399
103	400
112	400
279	400
325	400
327	400
399	400
414	400
416	400
426	400
435	400
462	400
519	400
574	400
624	400
695	400
65	401
79	401
132	401
161	401
175	401
213	401
278	401
298	401
344	401
379	401
400	401
446	401
485	401
500	401
552	401
628	401
638	401
666	401
681	401
724	401
736	401
128	402
311	402
361	402
401	402
408	402
449	402
572	402
632	402
638	402
650	402
18	403
37	403
87	403
108	403
115	403
134	403
243	403
269	403
402	403
420	403
440	403
467	403
510	403
541	403
644	403
116	404
172	404
367	404
403	404
424	404
456	404
458	404
500	404
506	404
520	404
589	404
613	404
627	404
707	404
47	405
77	405
102	405
104	405
121	405
149	405
188	405
274	405
314	405
389	405
404	405
428	405
464	405
626	405
659	405
759	405
7	406
35	406
162	406
193	406
213	406
405	406
414	406
433	406
435	406
469	406
478	406
514	406
616	406
706	406
721	406
31	407
118	407
150	407
209	407
241	407
286	407
335	407
352	407
372	407
395	407
406	407
499	407
555	407
687	407
726	407
731	407
738	407
28	408
64	408
100	408
252	408
275	408
289	408
407	408
409	408
425	408
488	408
695	408
702	408
724	408
6	409
20	409
54	409
150	409
177	409
183	409
270	409
303	409
347	409
408	409
478	409
490	409
502	409
530	409
554	409
715	409
729	409
732	409
23	410
24	410
26	410
133	410
151	410
294	410
331	410
409	410
425	410
446	410
549	410
695	410
703	410
742	410
763	410
766	410
93	411
142	411
205	411
227	411
283	411
289	411
367	411
370	411
399	411
410	411
420	411
437	411
474	411
734	411
754	411
15	412
96	412
168	412
211	412
235	412
411	412
437	412
439	412
453	412
462	412
563	412
611	412
642	412
668	412
712	412
739	412
104	413
135	413
226	413
271	413
352	413
412	413
589	413
660	413
672	413
717	413
76	414
99	414
177	414
213	414
228	414
295	414
298	414
320	414
348	414
413	414
497	414
609	414
643	414
722	414
739	414
157	415
203	415
240	415
342	415
414	415
462	415
518	415
553	415
656	415
664	415
737	415
102	416
121	416
178	416
218	416
245	416
279	416
317	416
415	416
519	416
571	416
674	416
704	416
713	416
734	416
744	416
29	417
79	417
86	417
100	417
103	417
122	417
145	417
160	417
182	417
363	417
399	417
416	417
530	417
619	417
645	417
689	417
711	417
733	417
734	417
757	417
36	418
89	418
91	418
94	418
197	418
229	418
337	418
373	418
417	418
494	418
634	418
685	418
764	418
33	419
86	419
89	419
360	419
418	419
510	419
512	419
606	419
636	419
701	419
41	420
90	420
105	420
124	420
138	420
140	420
185	420
305	420
335	420
419	420
476	420
530	420
551	420
626	420
649	420
765	420
768	420
39	421
162	421
183	421
192	421
202	421
292	421
420	421
442	421
545	421
622	421
764	421
24	422
59	422
71	422
206	422
247	422
297	422
298	422
316	422
421	422
477	422
506	422
326	423
395	423
422	423
584	423
765	423
65	424
68	424
74	424
103	424
173	424
207	424
226	424
423	424
506	424
514	424
661	424
688	424
36	425
76	425
140	425
282	425
396	425
424	425
430	425
522	425
551	425
558	425
598	425
730	425
752	425
11	426
18	426
44	426
60	426
97	426
146	426
158	426
370	426
372	426
424	426
425	426
460	426
561	426
686	426
74	427
79	427
169	427
338	427
393	427
426	427
442	427
545	427
550	427
652	427
656	427
672	427
709	427
7	428
127	428
427	428
533	428
542	428
544	428
114	429
239	429
294	429
322	429
326	429
360	429
367	429
371	429
376	429
405	429
428	429
459	429
561	429
662	429
678	429
690	429
706	429
766	429
768	429
49	430
130	430
256	430
374	430
389	430
429	430
434	430
517	430
584	430
650	430
665	430
763	430
51	431
230	431
246	431
382	431
430	431
569	431
579	431
590	431
613	431
644	431
695	431
701	431
760	431
13	432
47	432
83	432
85	432
126	432
171	432
209	432
431	432
600	432
628	432
656	432
671	432
740	432
135	433
194	433
328	433
344	433
369	433
432	433
517	433
692	433
723	433
72	434
295	434
381	434
429	434
433	434
459	434
492	434
510	434
549	434
574	434
681	434
703	434
750	434
45	435
209	435
322	435
400	435
406	435
434	435
452	435
462	435
480	435
585	435
599	435
657	435
728	435
752	435
47	436
198	436
216	436
224	436
348	436
435	436
466	436
497	436
533	436
543	436
548	436
557	436
622	436
638	436
661	436
741	436
130	437
253	437
270	437
309	437
319	437
342	437
345	437
436	437
445	437
548	437
605	437
622	437
694	437
710	437
22	438
60	438
84	438
288	438
318	438
374	438
412	438
437	438
440	438
523	438
580	438
727	438
767	438
91	439
334	439
383	439
389	439
438	439
492	439
494	439
563	439
605	439
733	439
50	440
62	440
273	440
280	440
383	440
429	440
439	440
537	440
711	440
718	440
746	440
43	441
47	441
218	441
440	441
442	441
485	441
634	441
639	441
702	441
750	441
3	442
21	442
38	442
101	442
240	442
363	442
376	442
396	442
419	442
441	442
537	442
591	442
639	442
85	443
128	443
140	443
169	443
172	443
188	443
235	443
248	443
263	443
296	443
423	443
442	443
546	443
567	443
600	443
685	443
687	443
692	443
706	443
722	443
14	444
72	444
84	444
275	444
443	444
675	444
693	444
768	444
125	445
180	445
214	445
215	445
239	445
361	445
436	445
444	445
492	445
508	445
574	445
674	445
703	445
753	445
62	446
205	446
309	446
327	446
364	446
389	446
390	446
392	446
445	446
534	446
541	446
560	446
626	446
54	447
153	447
177	447
239	447
251	447
274	447
373	447
377	447
393	447
446	447
467	447
487	447
491	447
572	447
657	447
727	447
736	447
741	447
750	447
45	448
190	448
278	448
303	448
323	448
361	448
376	448
377	448
385	448
447	448
578	448
587	448
659	448
692	448
109	449
211	449
278	449
335	449
354	449
365	449
409	449
448	449
454	449
489	449
527	449
574	449
575	449
600	449
672	449
733	449
81	450
182	450
420	450
449	450
520	450
546	450
623	450
632	450
669	450
711	450
30	451
74	451
114	451
136	451
210	451
304	451
328	451
341	451
418	451
426	451
450	451
502	451
574	451
105	452
110	452
291	452
325	452
354	452
410	452
451	452
492	452
529	452
673	452
745	452
765	452
14	453
25	453
125	453
170	453
296	453
307	453
338	453
352	453
367	453
421	453
451	453
452	453
497	453
684	453
710	453
753	453
762	453
23	454
157	454
188	454
204	454
218	454
226	454
228	454
363	454
453	454
487	454
509	454
519	454
567	454
644	454
30	455
118	455
140	455
189	455
240	455
413	455
454	455
460	455
567	455
597	455
600	455
632	455
689	455
727	455
758	455
14	456
20	456
83	456
99	456
157	456
297	456
401	456
422	456
451	456
455	456
465	456
494	456
506	456
555	456
90	457
111	457
345	457
453	457
456	457
511	457
549	457
556	457
670	457
689	457
709	457
28	458
30	458
54	458
64	458
157	458
176	458
250	458
262	458
292	458
427	458
457	458
570	458
654	458
671	458
686	458
724	458
73	459
189	459
234	459
290	459
372	459
404	459
443	459
455	459
458	459
486	459
595	459
600	459
696	459
707	459
14	460
24	460
93	460
123	460
224	460
239	460
320	460
345	460
399	460
445	460
447	460
456	460
459	460
493	460
625	460
643	460
686	460
744	460
201	461
324	461
346	461
428	461
429	461
432	461
450	461
460	461
478	461
509	461
517	461
522	461
562	461
606	461
617	461
22	462
142	462
149	462
326	462
328	462
417	462
434	462
461	462
486	462
562	462
638	462
710	462
747	462
27	463
101	463
362	463
377	463
380	463
460	463
462	463
531	463
552	463
621	463
704	463
113	464
188	464
193	464
195	464
279	464
313	464
328	464
463	464
548	464
656	464
684	464
699	464
762	464
23	465
97	465
157	465
218	465
244	465
278	465
422	465
464	465
497	465
499	465
504	465
575	465
614	465
742	465
44	466
49	466
71	466
76	466
103	466
304	466
340	466
437	466
465	466
665	466
677	466
106	467
182	467
187	467
253	467
254	467
261	467
443	467
466	467
565	467
712	467
46	468
83	468
128	468
138	468
142	468
214	468
224	468
285	468
329	468
332	468
333	468
344	468
345	468
391	468
467	468
709	468
740	468
58	469
63	469
147	469
214	469
447	469
462	469
468	469
472	469
537	469
685	469
723	469
751	469
45	470
64	470
184	470
379	470
469	470
577	470
670	470
10	471
108	471
327	471
470	471
576	471
611	471
615	471
77	472
100	472
113	472
204	472
253	472
292	472
301	472
343	472
354	472
371	472
417	472
434	472
471	472
541	472
556	472
649	472
34	473
85	473
142	473
145	473
155	473
219	473
251	473
254	473
290	473
294	473
418	473
472	473
553	473
601	473
604	473
661	473
682	473
761	473
42	474
76	474
98	474
170	474
230	474
256	474
389	474
473	474
484	474
486	474
548	474
618	474
666	474
689	474
78	475
108	475
234	475
246	475
257	475
285	475
359	475
474	475
502	475
713	475
83	476
185	476
189	476
269	476
343	476
348	476
362	476
366	476
385	476
416	476
422	476
429	476
447	476
475	476
546	476
614	476
690	476
760	476
12	477
36	477
37	477
61	477
205	477
295	477
476	477
525	477
554	477
562	477
591	477
636	477
709	477
722	477
34	478
66	478
128	478
146	478
295	478
379	478
444	478
477	478
482	478
490	478
573	478
706	478
50	479
111	479
192	479
461	479
478	479
551	479
658	479
707	479
724	479
729	479
45	480
52	480
56	480
97	480
155	480
175	480
221	480
254	480
269	480
284	480
346	480
378	480
426	480
463	480
477	480
479	480
508	480
530	480
668	480
729	480
203	481
210	481
211	481
278	481
331	481
396	481
480	481
516	481
525	481
550	481
569	481
611	481
712	481
6	482
72	482
181	482
201	482
224	482
242	482
257	482
285	482
425	482
481	482
494	482
495	482
524	482
708	482
739	482
99	483
103	483
185	483
237	483
342	483
354	483
384	483
388	483
480	483
482	483
518	483
618	483
682	483
745	483
756	483
100	484
208	484
210	484
294	484
483	484
544	484
558	484
697	484
699	484
6	485
33	485
55	485
64	485
97	485
121	485
132	485
152	485
160	485
189	485
201	485
297	485
307	485
321	485
367	485
396	485
467	485
484	485
566	485
583	485
616	485
718	485
733	485
6	486
49	486
50	486
174	486
338	486
340	486
350	486
485	486
589	486
635	486
641	486
17	487
436	487
486	487
573	487
629	487
663	487
752	487
11	488
92	488
266	488
345	488
426	488
432	488
487	488
549	488
642	488
761	488
59	489
61	489
115	489
174	489
230	489
231	489
446	489
463	489
488	489
735	489
749	489
51	490
124	490
126	490
133	490
225	490
262	490
270	490
303	490
335	490
489	490
547	490
558	490
566	490
597	490
716	490
746	490
762	490
765	490
70	491
199	491
280	491
405	491
423	491
455	491
488	491
490	491
519	491
538	491
572	491
584	491
627	491
740	491
26	492
489	492
490	492
491	492
573	492
608	492
611	492
728	492
55	493
158	493
246	493
265	493
410	493
461	493
492	493
602	493
427	494
489	494
493	494
532	494
598	494
153	495
161	495
176	495
215	495
411	495
459	495
476	495
487	495
494	495
500	495
528	495
766	495
38	496
72	496
109	496
138	496
261	496
396	496
397	496
467	496
483	496
495	496
526	496
544	496
559	496
563	496
587	496
598	496
617	496
657	496
694	496
704	496
706	496
758	496
11	497
79	497
120	497
129	497
164	497
167	497
179	497
261	497
310	497
400	497
417	497
453	497
496	497
514	497
520	497
581	497
662	497
663	497
689	497
695	497
706	497
735	497
738	497
741	497
55	498
59	498
99	498
142	498
291	498
412	498
497	498
509	498
529	498
567	498
575	498
581	498
678	498
751	498
1	499
34	499
46	499
101	499
252	499
255	499
260	499
276	499
378	499
416	499
498	499
500	499
643	499
678	499
693	499
704	499
706	499
24	500
56	500
66	500
90	500
100	500
102	500
129	500
207	500
285	500
499	500
558	500
600	500
9	501
57	501
81	501
147	501
190	501
250	501
257	501
368	501
395	501
426	501
500	501
532	501
541	501
717	501
27	502
48	502
152	502
190	502
241	502
243	502
272	502
278	502
501	502
582	502
692	502
695	502
5	503
8	503
12	503
70	503
87	503
103	503
150	503
351	503
391	503
502	503
505	503
525	503
528	503
723	503
730	503
16	504
20	504
69	504
94	504
123	504
130	504
170	504
314	504
349	504
365	504
418	504
429	504
503	504
559	504
640	504
19	505
74	505
115	505
138	505
223	505
343	505
412	505
419	505
436	505
442	505
504	505
727	505
730	505
33	506
153	506
165	506
242	506
259	506
278	506
372	506
442	506
505	506
537	506
682	506
718	506
759	506
251	507
410	507
506	507
572	507
592	507
602	507
638	507
686	507
25	508
93	508
194	508
235	508
253	508
336	508
338	508
390	508
393	508
398	508
407	508
507	508
516	508
568	508
616	508
691	508
755	508
2	509
12	509
14	509
49	509
73	509
109	509
158	509
370	509
427	509
508	509
511	509
525	509
608	509
688	509
723	509
725	509
4	510
89	510
232	510
414	510
479	510
509	510
583	510
601	510
643	510
669	510
674	510
740	510
767	510
51	511
121	511
203	511
331	511
363	511
507	511
510	511
535	511
545	511
626	511
33	512
364	512
491	512
511	512
560	512
647	512
75	513
111	513
135	513
171	513
363	513
442	513
503	513
512	513
581	513
585	513
602	513
675	513
23	514
89	514
213	514
321	514
431	514
498	514
513	514
630	514
674	514
676	514
89	515
93	515
134	515
162	515
215	515
230	515
238	515
257	515
278	515
362	515
514	515
551	515
609	515
621	515
670	515
704	515
709	515
725	515
104	516
123	516
129	516
262	516
287	516
307	516
324	516
342	516
359	516
479	516
515	516
524	516
529	516
618	516
739	516
83	517
100	517
110	517
131	517
384	517
388	517
398	517
415	517
516	517
577	517
590	517
636	517
699	517
706	517
740	517
12	518
20	518
31	518
32	518
63	518
140	518
145	518
152	518
156	518
188	518
266	518
278	518
358	518
445	518
471	518
517	518
545	518
651	518
704	518
749	518
760	518
2	519
72	519
160	519
210	519
262	519
312	519
500	519
518	519
537	519
572	519
617	519
654	519
30	520
59	520
63	520
73	520
111	520
221	520
381	520
402	520
412	520
435	520
483	520
508	520
519	520
624	520
632	520
680	520
727	520
10	521
87	521
102	521
239	521
290	521
304	521
340	521
357	521
362	521
386	521
387	521
406	521
419	521
510	521
520	521
551	521
556	521
617	521
618	521
664	521
700	521
729	521
126	522
161	522
171	522
197	522
333	522
350	522
361	522
382	522
479	522
490	522
509	522
521	522
620	522
704	522
705	522
174	523
236	523
265	523
293	523
367	523
499	523
522	523
531	523
583	523
724	523
78	524
216	524
238	524
513	524
517	524
523	524
690	524
745	524
26	525
42	525
59	525
181	525
287	525
291	525
313	525
337	525
361	525
380	525
463	525
524	525
557	525
609	525
685	525
724	525
25	526
167	526
201	526
309	526
384	526
391	526
410	526
525	526
597	526
691	526
736	526
766	526
6	527
14	527
17	527
106	527
159	527
217	527
286	527
310	527
389	527
449	527
526	527
648	527
676	527
704	527
739	527
47	528
81	528
146	528
156	528
189	528
258	528
323	528
373	528
402	528
527	528
535	528
583	528
594	528
726	528
3	529
61	529
112	529
128	529
258	529
293	529
340	529
384	529
528	529
650	529
680	529
687	529
744	529
108	530
113	530
198	530
207	530
347	530
374	530
496	530
522	530
529	530
591	530
653	530
683	530
10	531
16	531
24	531
48	531
59	531
62	531
78	531
224	531
385	531
452	531
472	531
487	531
530	531
597	531
626	531
703	531
713	531
724	531
128	532
139	532
155	532
531	532
571	532
603	532
631	532
694	532
712	532
739	532
26	533
157	533
356	533
377	533
532	533
6	534
18	534
182	534
289	534
293	534
297	534
304	534
313	534
363	534
533	534
568	534
573	534
637	534
685	534
45	535
63	535
121	535
131	535
433	535
459	535
478	535
534	535
596	535
639	535
80	536
127	536
177	536
211	536
293	536
297	536
336	536
381	536
396	536
403	536
535	536
558	536
563	536
642	536
676	536
698	536
117	537
174	537
271	537
301	537
325	537
384	537
391	537
412	537
447	537
481	537
512	537
536	537
564	537
572	537
589	537
610	537
684	537
750	537
2	538
60	538
101	538
123	538
185	538
223	538
247	538
281	538
307	538
313	538
485	538
537	538
549	538
595	538
601	538
618	538
711	538
17	539
148	539
221	539
266	539
321	539
348	539
372	539
525	539
538	539
580	539
716	539
728	539
12	540
26	540
44	540
169	540
195	540
197	540
324	540
376	540
419	540
463	540
539	540
574	540
580	540
683	540
738	540
299	541
482	541
534	541
540	541
666	541
672	541
674	541
743	541
763	541
42	542
92	542
99	542
267	542
331	542
364	542
413	542
515	542
541	542
601	542
611	542
705	542
756	542
1	543
5	543
72	543
210	543
291	543
473	543
491	543
542	543
563	543
671	543
688	543
4	544
49	544
134	544
167	544
193	544
199	544
230	544
447	544
543	544
555	544
593	544
664	544
15	545
59	545
88	545
163	545
186	545
301	545
355	545
376	545
513	545
544	545
719	545
233	546
262	546
296	546
458	546
486	546
512	546
545	546
664	546
685	546
697	546
712	546
39	547
60	547
259	547
336	547
368	547
427	547
475	547
545	547
546	547
598	547
619	547
700	547
705	547
723	547
185	548
219	548
231	548
324	548
356	548
467	548
490	548
547	548
726	548
17	549
50	549
220	549
399	549
502	549
512	549
548	549
609	549
754	549
3	550
81	550
147	550
282	550
287	550
303	550
387	550
503	550
549	550
631	550
635	550
748	550
147	551
174	551
246	551
255	551
377	551
403	551
435	551
441	551
482	551
495	551
537	551
539	551
544	551
550	551
581	551
599	551
611	551
663	551
737	551
760	551
36	552
42	552
136	552
169	552
197	552
235	552
313	552
347	552
401	552
476	552
479	552
511	552
551	552
556	552
560	552
576	552
620	552
678	552
712	552
127	553
134	553
138	553
144	553
147	553
167	553
175	553
332	553
392	553
460	553
539	553
543	553
552	553
591	553
615	553
653	553
668	553
742	553
8	554
116	554
168	554
177	554
205	554
216	554
327	554
456	554
492	554
526	554
553	554
561	554
601	554
605	554
608	554
620	554
688	554
62	555
68	555
102	555
105	555
180	555
263	555
367	555
374	555
491	555
548	555
554	555
96	556
108	556
147	556
222	556
252	556
256	556
311	556
555	556
574	556
760	556
37	557
223	557
429	557
472	557
484	557
513	557
544	557
550	557
556	557
560	557
610	557
677	557
735	557
2	558
11	558
103	558
138	558
167	558
399	558
415	558
557	558
569	558
580	558
609	558
117	559
160	559
201	559
246	559
344	559
360	559
379	559
444	559
486	559
522	559
535	559
558	559
563	559
565	559
625	559
633	559
689	559
704	559
42	560
95	560
203	560
226	560
265	560
338	560
373	560
559	560
567	560
624	560
16	561
45	561
47	561
85	561
158	561
161	561
282	561
365	561
408	561
560	561
562	561
582	561
653	561
655	561
42	562
55	562
117	562
189	562
435	562
462	562
561	562
591	562
595	562
649	562
681	562
92	563
214	563
307	563
310	563
335	563
400	563
418	563
427	563
436	563
493	563
562	563
571	563
634	563
642	563
672	563
700	563
762	563
2	564
56	564
75	564
112	564
180	564
502	564
545	564
563	564
648	564
696	564
724	564
755	564
49	565
207	565
333	565
355	565
406	565
556	565
564	565
588	565
604	565
642	565
676	565
702	565
708	565
750	565
44	566
126	566
160	566
161	566
172	566
336	566
361	566
448	566
478	566
530	566
540	566
565	566
583	566
597	566
613	566
738	566
755	566
100	567
251	567
254	567
333	567
375	567
388	567
483	567
537	567
543	567
563	567
566	567
583	567
655	567
685	567
722	567
13	568
16	568
125	568
138	568
219	568
316	568
380	568
470	568
567	568
637	568
642	568
684	568
686	568
760	568
61	569
79	569
323	569
394	569
485	569
488	569
563	569
568	569
582	569
657	569
678	569
682	569
723	569
216	570
227	570
333	570
378	570
569	570
657	570
21	571
100	571
145	571
281	571
340	571
449	571
526	571
530	571
570	571
598	571
659	571
709	571
727	571
746	571
761	571
5	572
33	572
87	572
229	572
289	572
302	572
495	572
518	572
543	572
571	572
586	572
8	573
18	573
250	573
304	573
358	573
415	573
457	573
469	573
572	573
581	573
72	574
108	574
120	574
144	574
238	574
252	574
255	574
484	574
490	574
544	574
573	574
596	574
610	574
623	574
638	574
715	574
742	574
7	575
14	575
79	575
96	575
164	575
405	575
424	575
433	575
471	575
574	575
602	575
18	576
65	576
68	576
115	576
152	576
176	576
218	576
253	576
324	576
353	576
480	576
545	576
575	576
671	576
702	576
704	576
65	577
84	577
138	577
321	577
433	577
449	577
476	577
499	577
508	577
574	577
576	577
589	577
249	578
307	578
416	578
449	578
473	578
533	578
577	578
668	578
715	578
730	578
1	579
100	579
171	579
254	579
376	579
380	579
412	579
482	579
578	579
700	579
738	579
33	580
73	580
129	580
240	580
247	580
293	580
416	580
567	580
579	580
697	580
107	581
118	581
131	581
148	581
341	581
409	581
430	581
435	581
442	581
480	581
488	581
580	581
607	581
10	582
59	582
71	582
88	582
197	582
398	582
439	582
522	582
543	582
581	582
651	582
701	582
710	582
765	582
101	583
117	583
332	583
354	583
387	583
456	583
577	583
582	583
591	583
754	583
49	584
177	584
223	584
242	584
248	584
289	584
342	584
437	584
446	584
571	584
583	584
637	584
696	584
704	584
717	584
10	585
36	585
42	585
53	585
77	585
84	585
107	585
127	585
293	585
300	585
343	585
374	585
433	585
439	585
467	585
469	585
532	585
576	585
584	585
619	585
704	585
714	585
756	585
110	586
119	586
156	586
220	586
276	586
335	586
362	586
365	586
511	586
553	586
585	586
680	586
739	586
747	586
10	587
36	587
61	587
162	587
170	587
244	587
286	587
379	587
410	587
543	587
586	587
612	587
637	587
640	587
750	587
43	588
126	588
207	588
300	588
307	588
376	588
384	588
407	588
508	588
581	588
587	588
603	588
647	588
687	588
717	588
757	588
35	589
50	589
231	589
329	589
421	589
477	589
588	589
612	589
101	590
161	590
177	590
294	590
363	590
448	590
509	590
556	590
589	590
721	590
765	590
160	591
304	591
309	591
396	591
534	591
580	591
590	591
600	591
617	591
731	591
55	592
117	592
135	592
158	592
222	592
225	592
288	592
342	592
455	592
562	592
591	592
641	592
727	592
37	593
51	593
55	593
176	593
187	593
221	593
334	593
351	593
410	593
469	593
582	593
592	593
603	593
687	593
688	593
758	593
43	594
101	594
109	594
130	594
163	594
191	594
194	594
266	594
332	594
393	594
549	594
576	594
593	594
761	594
102	595
123	595
150	595
158	595
187	595
199	595
205	595
253	595
287	595
296	595
378	595
415	595
520	595
562	595
572	595
594	595
602	595
606	595
752	595
122	596
174	596
285	596
289	596
363	596
387	596
416	596
501	596
595	596
617	596
718	596
730	596
39	597
112	597
158	597
208	597
227	597
251	597
315	597
338	597
532	597
589	597
596	597
739	597
34	598
172	598
285	598
290	598
356	598
361	598
393	598
422	598
505	598
597	598
652	598
669	598
678	598
706	598
745	598
17	599
25	599
30	599
187	599
292	599
427	599
436	599
450	599
477	599
598	599
604	599
239	600
247	600
249	600
294	600
313	600
342	600
513	600
597	600
599	600
679	600
740	600
741	600
753	600
367	601
429	601
489	601
600	601
743	601
41	602
59	602
251	602
274	602
378	602
386	602
528	602
540	602
601	602
759	602
765	602
155	603
165	603
171	603
260	603
263	603
415	603
485	603
526	603
528	603
539	603
593	603
602	603
604	603
631	603
696	603
3	604
27	604
70	604
263	604
297	604
322	604
343	604
367	604
407	604
475	604
476	604
533	604
571	604
603	604
638	604
645	604
658	604
675	604
682	604
687	604
751	604
6	605
243	605
455	605
535	605
604	605
649	605
659	605
766	605
70	606
246	606
253	606
259	606
266	606
310	606
423	606
463	606
532	606
542	606
605	606
707	606
760	606
71	607
80	607
82	607
97	607
193	607
231	607
283	607
452	607
541	607
583	607
606	607
646	607
651	607
657	607
725	607
17	608
22	608
136	608
206	608
378	608
406	608
516	608
583	608
590	608
607	608
665	608
679	608
697	608
712	608
728	608
33	609
45	609
53	609
165	609
244	609
248	609
252	609
267	609
289	609
431	609
482	609
500	609
608	609
651	609
658	609
686	609
736	609
69	610
105	610
223	610
479	610
609	610
611	610
681	610
694	610
12	611
79	611
99	611
134	611
207	611
261	611
278	611
314	611
326	611
413	611
528	611
588	611
610	611
619	611
710	611
21	612
169	612
435	612
436	612
442	612
463	612
466	612
470	612
478	612
547	612
611	612
652	612
737	612
96	613
158	613
164	613
327	613
328	613
361	613
471	613
536	613
547	613
559	613
612	613
724	613
15	614
58	614
119	614
158	614
267	614
388	614
413	614
432	614
490	614
538	614
613	614
630	614
684	614
704	614
730	614
751	614
763	614
767	614
46	615
73	615
76	615
85	615
117	615
170	615
192	615
245	615
339	615
402	615
422	615
427	615
431	615
499	615
535	615
587	615
599	615
614	615
1	616
140	616
184	616
204	616
411	616
435	616
539	616
612	616
615	616
710	616
13	617
15	617
122	617
168	617
195	617
289	617
344	617
359	617
407	617
522	617
601	617
609	617
616	617
641	617
649	617
661	617
90	618
91	618
113	618
139	618
276	618
319	618
347	618
368	618
470	618
524	618
547	618
579	618
617	618
708	618
74	619
139	619
221	619
301	619
332	619
359	619
409	619
502	619
568	619
614	619
618	619
689	619
690	619
69	620
230	620
255	620
364	620
390	620
527	620
566	620
614	620
619	620
286	621
348	621
386	621
414	621
503	621
579	621
620	621
640	621
666	621
671	621
11	622
102	622
172	622
189	622
208	622
254	622
269	622
565	622
585	622
590	622
621	622
668	622
688	622
696	622
24	623
75	623
183	623
240	623
244	623
297	623
387	623
404	623
446	623
565	623
592	623
622	623
663	623
674	623
762	623
81	624
257	624
339	624
401	624
419	624
459	624
480	624
546	624
574	624
587	624
623	624
694	624
31	625
84	625
115	625
186	625
256	625
426	625
448	625
480	625
515	625
522	625
556	625
584	625
589	625
624	625
661	625
727	625
58	626
98	626
132	626
189	626
297	626
328	626
340	626
368	626
375	626
387	626
411	626
475	626
490	626
550	626
625	626
655	626
704	626
75	627
85	627
99	627
140	627
145	627
168	627
196	627
353	627
592	627
626	627
640	627
655	627
7	628
110	628
149	628
218	628
274	628
316	628
333	628
339	628
365	628
400	628
429	628
486	628
567	628
589	628
627	628
633	628
671	628
48	629
178	629
182	629
230	629
301	629
356	629
364	629
434	629
470	629
582	629
628	629
634	629
673	629
158	630
195	630
209	630
254	630
298	630
315	630
321	630
331	630
488	630
603	630
609	630
629	630
674	630
702	630
718	630
741	630
13	631
26	631
149	631
167	631
168	631
211	631
308	631
333	631
337	631
457	631
490	631
499	631
502	631
630	631
649	631
677	631
704	631
707	631
11	632
63	632
79	632
130	632
131	632
135	632
148	632
163	632
178	632
194	632
353	632
382	632
383	632
408	632
449	632
451	632
545	632
606	632
618	632
631	632
665	632
676	632
695	632
715	632
748	632
271	633
378	633
473	633
485	633
530	633
535	633
632	633
665	633
705	633
738	633
171	634
201	634
224	634
312	634
320	634
344	634
371	634
377	634
436	634
479	634
558	634
633	634
642	634
80	635
108	635
131	635
196	635
209	635
218	635
286	635
345	635
363	635
379	635
547	635
634	635
691	635
716	635
726	635
14	636
16	636
80	636
273	636
316	636
384	636
418	636
457	636
511	636
635	636
651	636
86	637
103	637
400	637
416	637
452	637
582	637
636	637
690	637
696	637
702	637
213	638
392	638
482	638
628	638
633	638
637	638
169	639
212	639
261	639
283	639
391	639
446	639
457	639
573	639
582	639
638	639
702	639
717	639
730	639
145	640
207	640
290	640
507	640
523	640
552	640
564	640
568	640
630	640
632	640
639	640
748	640
766	640
10	641
64	641
81	641
142	641
165	641
175	641
296	641
314	641
362	641
389	641
556	641
601	641
620	641
640	641
714	641
753	641
1	642
54	642
147	642
148	642
415	642
466	642
493	642
566	642
641	642
678	642
738	642
4	643
9	643
97	643
217	643
250	643
273	643
297	643
312	643
321	643
335	643
369	643
446	643
485	643
531	643
642	643
672	643
759	643
23	644
59	644
62	644
74	644
84	644
105	644
173	644
201	644
277	644
373	644
423	644
448	644
515	644
584	644
641	644
643	644
672	644
758	644
39	645
91	645
104	645
106	645
152	645
196	645
223	645
347	645
362	645
446	645
508	645
534	645
548	645
644	645
696	645
708	645
3	646
79	646
152	646
217	646
234	646
273	646
333	646
482	646
517	646
525	646
609	646
645	646
688	646
738	646
755	646
758	646
7	647
32	647
56	647
73	647
210	647
344	647
364	647
382	647
427	647
482	647
521	647
562	647
589	647
600	647
603	647
608	647
646	647
674	647
689	647
698	647
724	647
213	648
301	648
371	648
413	648
463	648
529	648
530	648
571	648
635	648
647	648
690	648
730	648
756	648
63	649
99	649
208	649
241	649
249	649
250	649
279	649
297	649
351	649
408	649
413	649
441	649
620	649
648	649
720	649
1	650
28	650
158	650
206	650
264	650
309	650
426	650
489	650
510	650
548	650
549	650
558	650
649	650
690	650
201	651
338	651
370	651
454	651
484	651
520	651
549	651
557	651
589	651
650	651
677	651
30	652
247	652
364	652
386	652
408	652
441	652
443	652
472	652
526	652
571	652
651	652
665	652
678	652
738	652
83	653
109	653
227	653
280	653
293	653
321	653
324	653
436	653
472	653
545	653
623	653
631	653
652	653
84	654
217	654
321	654
334	654
466	654
481	654
544	654
625	654
653	654
760	654
20	655
37	655
62	655
96	655
161	655
178	655
335	655
401	655
469	655
542	655
548	655
574	655
587	655
654	655
710	655
42	656
114	656
146	656
211	656
295	656
300	656
312	656
313	656
319	656
365	656
482	656
655	656
676	656
764	656
11	657
32	657
106	657
123	657
142	657
217	657
260	657
265	657
340	657
387	657
481	657
656	657
708	657
753	657
70	658
171	658
266	658
279	658
337	658
399	658
419	658
627	658
657	658
686	658
692	658
761	658
27	659
156	659
175	659
213	659
253	659
309	659
419	659
425	659
438	659
442	659
548	659
588	659
596	659
631	659
658	659
737	659
752	659
180	660
229	660
240	660
322	660
488	660
532	660
564	660
592	660
634	660
659	660
75	661
92	661
93	661
146	661
157	661
160	661
173	661
244	661
287	661
374	661
377	661
393	661
434	661
498	661
520	661
578	661
626	661
658	661
659	661
660	661
702	661
705	661
22	662
53	662
58	662
224	662
241	662
288	662
293	662
347	662
472	662
476	662
581	662
625	662
661	662
686	662
724	662
57	663
80	663
104	663
123	663
370	663
417	663
546	663
569	663
595	663
662	663
701	663
118	664
210	664
212	664
373	664
399	664
448	664
450	664
576	664
614	664
616	664
627	664
663	664
725	664
196	665
280	665
281	665
283	665
321	665
369	665
587	665
664	665
767	665
156	666
210	666
224	666
282	666
631	666
662	666
665	666
668	666
692	666
65	667
218	667
398	667
469	667
666	667
674	667
714	667
202	668
226	668
453	668
461	668
499	668
543	668
592	668
667	668
710	668
767	668
57	669
206	669
224	669
249	669
328	669
334	669
399	669
539	669
545	669
574	669
645	669
668	669
32	670
112	670
123	670
287	670
412	670
418	670
422	670
488	670
541	670
576	670
602	670
644	670
669	670
700	670
712	670
15	671
16	671
125	671
258	671
456	671
526	671
541	671
546	671
670	671
699	671
732	671
734	671
747	671
748	671
70	672
114	672
115	672
124	672
209	672
220	672
235	672
320	672
352	672
433	672
671	672
765	672
210	673
211	673
363	673
410	673
474	673
540	673
672	673
717	673
19	674
121	674
212	674
242	674
339	674
374	674
411	674
413	674
472	674
527	674
562	674
643	674
673	674
717	674
758	674
71	675
106	675
155	675
159	675
217	675
219	675
247	675
261	675
267	675
299	675
340	675
347	675
350	675
417	675
501	675
565	675
571	675
674	675
678	675
714	675
743	675
238	676
277	676
477	676
554	676
644	676
655	676
675	676
689	676
696	676
139	677
225	677
246	677
361	677
389	677
415	677
604	677
676	677
710	677
715	677
143	678
248	678
379	678
484	678
531	678
533	678
632	678
637	678
666	678
677	678
705	678
759	678
108	679
134	679
204	679
476	679
512	679
528	679
573	679
585	679
610	679
663	679
678	679
78	680
119	680
211	680
298	680
305	680
372	680
539	680
598	680
679	680
695	680
48	681
131	681
221	681
258	681
343	681
359	681
447	681
468	681
503	681
508	681
680	681
119	682
212	682
266	682
274	682
348	682
384	682
390	682
473	682
552	682
577	682
681	682
1	683
17	683
29	683
77	683
93	683
201	683
246	683
327	683
560	683
605	683
656	683
680	683
682	683
705	683
14	684
206	684
395	684
629	684
683	684
689	684
765	684
23	685
66	685
69	685
169	685
214	685
271	685
277	685
310	685
516	685
589	685
684	685
720	685
739	685
743	685
89	686
142	686
292	686
421	686
466	686
550	686
564	686
577	686
657	686
685	686
85	687
131	687
169	687
215	687
273	687
409	687
456	687
477	687
526	687
538	687
539	687
552	687
605	687
686	687
708	687
709	687
712	687
757	687
23	688
89	688
109	688
617	688
687	688
29	689
32	689
44	689
106	689
119	689
158	689
206	689
222	689
268	689
275	689
365	689
529	689
530	689
666	689
688	689
102	690
143	690
199	690
290	690
341	690
359	690
430	690
452	690
549	690
597	690
618	690
628	690
664	690
689	690
708	690
731	690
735	690
744	690
763	690
131	691
201	691
361	691
413	691
536	691
690	691
718	691
735	691
766	691
75	692
88	692
136	692
219	692
437	692
481	692
528	692
622	692
635	692
691	692
729	692
13	693
55	693
56	693
166	693
204	693
213	693
288	693
297	693
396	693
552	693
639	693
663	693
692	693
63	694
75	694
108	694
215	694
488	694
522	694
640	694
693	694
757	694
763	694
30	695
175	695
196	695
240	695
421	695
466	695
660	695
694	695
764	695
8	696
15	696
17	696
72	696
141	696
151	696
164	696
242	696
246	696
371	696
426	696
427	696
584	696
695	696
717	696
738	696
740	696
90	697
185	697
240	697
301	697
463	697
482	697
486	697
494	697
525	697
696	697
708	697
716	697
742	697
761	697
48	698
171	698
264	698
304	698
490	698
501	698
636	698
697	698
767	698
33	699
59	699
309	699
330	699
428	699
533	699
539	699
659	699
698	699
759	699
26	700
76	700
114	700
232	700
274	700
312	700
319	700
321	700
336	700
410	700
548	700
587	700
598	700
699	700
33	701
174	701
188	701
274	701
349	701
467	701
499	701
612	701
666	701
700	701
7	702
66	702
98	702
262	702
376	702
392	702
421	702
479	702
482	702
493	702
591	702
701	702
19	703
65	703
157	703
174	703
193	703
282	703
378	703
417	703
435	703
659	703
686	703
702	703
756	703
13	704
60	704
200	704
337	704
422	704
450	704
483	704
544	704
563	704
632	704
703	704
766	704
104	705
181	705
310	705
373	705
409	705
646	705
704	705
731	705
767	705
3	706
13	706
17	706
21	706
200	706
282	706
320	706
526	706
533	706
641	706
676	706
705	706
756	706
29	707
111	707
114	707
210	707
223	707
327	707
412	707
453	707
467	707
532	707
567	707
574	707
662	707
706	707
741	707
750	707
761	707
99	708
117	708
267	708
296	708
300	708
301	708
377	708
567	708
569	708
603	708
664	708
707	708
710	708
748	708
768	708
117	709
236	709
271	709
295	709
456	709
471	709
708	709
716	709
105	710
110	710
201	710
289	710
399	710
422	710
519	710
594	710
635	710
709	710
9	711
76	711
79	711
270	711
392	711
471	711
509	711
514	711
692	711
710	711
20	712
32	712
73	712
193	712
233	712
245	712
246	712
309	712
374	712
530	712
557	712
637	712
691	712
711	712
714	712
742	712
97	713
511	713
516	713
545	713
557	713
568	713
626	713
649	713
712	713
731	713
749	713
81	714
163	714
216	714
436	714
549	714
713	714
718	714
760	714
49	715
149	715
207	715
208	715
211	715
252	715
291	715
321	715
363	715
403	715
418	715
419	715
492	715
519	715
572	715
623	715
640	715
648	715
679	715
688	715
704	715
714	715
743	715
16	716
27	716
57	716
63	716
80	716
286	716
715	716
725	716
742	716
49	717
98	717
174	717
199	717
221	717
227	717
313	717
339	717
449	717
533	717
574	717
716	717
754	717
33	718
259	718
296	718
340	718
406	718
555	718
690	718
717	718
729	718
76	719
126	719
205	719
434	719
547	719
551	719
554	719
663	719
691	719
718	719
735	719
30	720
50	720
174	720
244	720
296	720
305	720
405	720
416	720
464	720
577	720
619	720
638	720
643	720
674	720
719	720
740	720
81	721
135	721
139	721
157	721
255	721
268	721
281	721
370	721
384	721
391	721
474	721
526	721
554	721
623	721
678	721
684	721
688	721
720	721
65	722
67	722
79	722
100	722
167	722
202	722
223	722
231	722
233	722
236	722
246	722
251	722
273	722
296	722
389	722
428	722
653	722
681	722
721	722
746	722
766	722
57	723
164	723
263	723
330	723
395	723
490	723
501	723
558	723
653	723
722	723
737	723
3	724
42	724
156	724
158	724
164	724
226	724
235	724
240	724
241	724
328	724
339	724
419	724
439	724
542	724
587	724
619	724
620	724
683	724
723	724
732	724
2	725
11	725
27	725
44	725
49	725
63	725
201	725
252	725
365	725
385	725
419	725
593	725
646	725
673	725
724	725
753	725
69	726
75	726
96	726
101	726
119	726
124	726
343	726
366	726
386	726
725	726
22	727
51	727
115	727
305	727
380	727
441	727
452	727
515	727
568	727
658	727
726	727
42	728
60	728
85	728
115	728
162	728
176	728
211	728
324	728
330	728
458	728
495	728
539	728
571	728
607	728
727	728
760	728
36	729
125	729
294	729
342	729
657	729
685	729
728	729
766	729
25	730
117	730
190	730
226	730
296	730
298	730
300	730
344	730
425	730
431	730
436	730
447	730
516	730
612	730
696	730
729	730
732	730
30	731
71	731
204	731
240	731
256	731
262	731
282	731
309	731
329	731
418	731
429	731
561	731
564	731
609	731
679	731
690	731
691	731
730	731
737	731
755	731
10	732
30	732
166	732
171	732
300	732
305	732
333	732
532	732
543	732
559	732
611	732
642	732
731	732
768	732
98	733
131	733
136	733
146	733
197	733
217	733
529	733
566	733
607	733
673	733
728	733
732	733
765	733
110	734
150	734
215	734
218	734
257	734
292	734
449	734
454	734
496	734
527	734
550	734
647	734
733	734
12	735
100	735
129	735
150	735
205	735
266	735
272	735
374	735
393	735
594	735
604	735
734	735
68	736
168	736
189	736
379	736
735	736
755	736
42	737
81	737
109	737
116	737
280	737
417	737
450	737
485	737
521	737
536	737
640	737
736	737
768	737
47	738
90	738
118	738
161	738
220	738
261	738
302	738
362	738
386	738
409	738
502	738
595	738
655	738
734	738
737	738
60	739
104	739
130	739
184	739
221	739
247	739
288	739
313	739
354	739
370	739
592	739
598	739
680	739
738	739
148	740
183	740
290	740
314	740
399	740
514	740
540	740
581	740
595	740
635	740
659	740
716	740
739	740
34	741
79	741
134	741
147	741
160	741
204	741
402	741
420	741
463	741
522	741
542	741
613	741
740	741
73	742
110	742
207	742
241	742
365	742
741	742
18	743
41	743
153	743
201	743
230	743
362	743
370	743
481	743
614	743
624	743
684	743
742	743
42	744
216	744
268	744
423	744
455	744
480	744
501	744
578	744
605	744
672	744
743	744
2	745
7	745
99	745
148	745
160	745
170	745
307	745
361	745
365	745
372	745
373	745
416	745
500	745
530	745
614	745
717	745
744	745
76	746
120	746
306	746
358	746
364	746
433	746
575	746
643	746
745	746
750	746
753	746
765	746
48	747
86	747
138	747
216	747
218	747
397	747
562	747
566	747
746	747
108	748
279	748
328	748
393	748
435	748
487	748
501	748
568	748
615	748
725	748
735	748
736	748
747	748
755	748
11	749
100	749
189	749
215	749
390	749
430	749
486	749
530	749
536	749
541	749
748	749
89	750
227	750
392	750
492	750
493	750
495	750
525	750
562	750
568	750
749	750
33	751
37	751
60	751
337	751
348	751
547	751
696	751
700	751
750	751
144	752
155	752
170	752
171	752
219	752
379	752
390	752
424	752
713	752
751	752
2	753
48	753
146	753
218	753
267	753
276	753
358	753
373	753
408	753
462	753
497	753
535	753
540	753
569	753
601	753
609	753
617	753
677	753
723	753
740	753
752	753
32	754
122	754
278	754
286	754
291	754
339	754
342	754
381	754
395	754
475	754
493	754
505	754
512	754
556	754
566	754
687	754
711	754
753	754
73	755
132	755
256	755
329	755
535	755
665	755
754	755
26	756
27	756
140	756
161	756
269	756
280	756
342	756
390	756
405	756
452	756
639	756
754	756
755	756
134	757
271	757
273	757
291	757
420	757
756	757
43	758
167	758
333	758
388	758
506	758
513	758
590	758
658	758
742	758
754	758
755	758
757	758
86	759
173	759
358	759
395	759
430	759
452	759
522	759
649	759
731	759
758	759
149	760
211	760
267	760
300	760
417	760
471	760
574	760
670	760
686	760
695	760
717	760
759	760
67	761
350	761
361	761
436	761
453	761
454	761
472	761
489	761
500	761
535	761
637	761
760	761
51	762
137	762
206	762
281	762
292	762
317	762
508	762
548	762
625	762
632	762
637	762
722	762
761	762
24	763
58	763
87	763
123	763
241	763
268	763
329	763
333	763
632	763
650	763
724	763
751	763
758	763
762	763
45	764
95	764
197	764
330	764
383	764
450	764
465	764
606	764
633	764
644	764
654	764
741	764
763	764
7	765
65	765
89	765
309	765
324	765
326	765
502	765
509	765
570	765
579	765
586	765
615	765
700	765
764	765
85	766
87	766
125	766
200	766
209	766
409	766
448	766
513	766
516	766
558	766
562	766
572	766
627	766
737	766
743	766
765	766
30	767
53	767
270	767
356	767
364	767
426	767
515	767
574	767
645	767
672	767
673	767
721	767
757	767
766	767
12	768
82	768
136	768
154	768
177	768
207	768
260	768
318	768
350	768
496	768
662	768
675	768
706	768
717	768
767	768
